[array([   8,   16,   21,   25,   37,   39,   44,   51,   53,   60,   73,
         74,   76,   80,   86,   97,  101,  109,  115,  117,  122,  124,
        130,  139,  143,  146,  147,  152,  159,  161,  169,  174,  183,
        186,  214,  216,  225,  227,  232,  233,  235,  238,  246,  248,
        251,  262,  267,  268,  270,  274,  296,  305,  306,  311,  317,
        320,  328,  329,  338,  355,  356,  358,  362,  365,  370,  372,
        373,  378,  379,  388,  392,  393,  405,  407,  412,  417,  421,
        429,  432,  440,  447,  452,  453,  458,  470,  474,  482,  494,
        499,  502,  511,  512,  514,  516,  524,  527,  534,  538,  543,
        545,  549,  551,  558,  560,  566,  569,  571,  580,  582,  586,
        589,  594,  597,  603,  605,  608,  610,  616,  618,  623,  628,
        636,  642,  645,  655,  668,  673,  676,  685,  689,  691,  695,
        701,  714,  717,  722,  726,  728,  730,  746,  748,  755,  761,
        766,  770,  771,  778,  784,  785,  788,  801,  805,  807,  808,
        811,  819,  823,  824,  826,  832,  833,  835,  836,  841,  845,
        865,  866,  868,  871,  875,  880,  882,  901,  905,  907,  913,
        920,  924,  926,  932,  935,  941,  947,  950,  951,  954,  956,
        960,  963,  967,  970,  973,  974,  984,  986,  988,  989,  992,
        996, 1008, 1015, 1021, 1023, 1038, 1039, 1041, 1046, 1051, 1058,
       1062, 1068, 1076, 1078, 1083, 1085, 1088, 1096, 1102, 1106, 1108,
       1110, 1111, 1121, 1127, 1129, 1141, 1148, 1150, 1151, 1153, 1155,
       1157, 1158, 1160, 1162, 1170, 1174, 1179, 1184, 1185, 1191, 1192,
       1194, 1198, 1201, 1204, 1208, 1212, 1213, 1220, 1222, 1228, 1231,
       1233, 1235, 1238, 1253, 1256, 1261, 1272, 1280, 1300, 1302, 1315,
       1317, 1319, 1321, 1323, 1324, 1327, 1333, 1338, 1341, 1343, 1352,
       1354, 1355, 1358, 1367, 1371, 1374, 1382, 1390, 1391, 1410, 1412,
       1416, 1420, 1424, 1428, 1436, 1438, 1442, 1448, 1456, 1460, 1466,
       1469, 1495, 1498, 1500, 1502, 1514, 1519, 1521, 1522, 1527, 1530,
       1531, 1537, 1544, 1547, 1559, 1566, 1572, 1573, 1575, 1577, 1580,
       1584, 1590, 1593, 1598, 1602, 1609, 1613, 1633, 1638, 1640, 1643,
       1645, 1647, 1654, 1656, 1658, 1666, 1672, 1675, 1691, 1694, 1695,
       1697, 1699, 1702, 1709, 1714, 1719, 1726, 1730, 1734, 1739, 1741,
       1744, 1752, 1754, 1758, 1759, 1766, 1769, 1774, 1778, 1782, 1784,
       1788, 1789, 1792, 1796, 1801, 1807, 1814, 1815, 1817, 1820, 1824,
       1829, 1834, 1842, 1844, 1857, 1862, 1867, 1869, 1877, 1892, 1895,
       1897, 1899, 1901, 1904, 1908, 1919, 1921, 1926, 1929, 1935, 1941,
       1944, 1954, 1956, 1962, 1971, 1975, 1978, 1989, 2006, 2011, 2014,
       2019, 2026, 2028, 2030, 2032, 2045, 2047, 2054, 2062, 2066, 2071,
       2077, 2080, 2093, 2095, 2097, 2099, 2106, 2110, 2113, 2117, 2120,
       2122, 2130, 2133, 2137, 2140, 2151, 2159, 2162, 2164, 2166, 2170,
       2172, 2173, 2180, 2186, 2188, 2195, 2198, 2204, 2207, 2220, 2228,
       2230, 2232, 2235, 2243, 2249, 2252, 2254, 2263, 2269, 2275, 2276,
       2281, 2286, 2292, 2309, 2311, 2316, 2337, 2338, 2356, 2362, 2367,
       2373, 2375, 2376, 2380, 2385, 2389, 2399, 2402, 2405, 2407, 2410,
       2412, 2414, 2431, 2441, 2443, 2449, 2451, 2452, 2456, 2459, 2464,
       2466, 2470, 2474, 2481, 2492, 2494, 2497, 2502, 2506, 2508, 2510,
       2512, 2514, 2520, 2525, 2527, 2532, 2534, 2535, 2543, 2544, 2549,
       2551, 2554, 2567, 2568, 2571, 2575, 2586, 2596, 2599, 2606, 2609,
       2617, 2622, 2626, 2635, 2637, 2639, 2647, 2654, 2658, 2661, 2663,
       2666, 2674, 2678, 2680, 2682, 2686, 2690, 2703, 2705, 2707, 2714,
       2735, 2739, 2745, 2747, 2750, 2752, 2754, 2756, 2767, 2773, 2777,
       2779, 2781, 2793, 2803, 2807, 2811, 2815, 2819, 2822, 2825, 2833,
       2839, 2841, 2855, 2856, 2862, 2863, 2883, 2885, 2887, 2890, 2895,
       2898, 2903, 2904, 2918, 2920, 2925, 2927, 2930, 2936, 2938, 2947,
       2951, 2953, 2959, 2961, 2963, 2965, 2975, 2982, 2984, 2987, 2990,
       2994, 2996, 2998, 3002, 3004, 3013, 3016, 3019, 3023, 3029, 3033,
       3042, 3043, 3047, 3059, 3063, 3075, 3079, 3084, 3091, 3092, 3098,
       3102, 3105, 3111, 3112, 3114, 3122, 3123, 3128, 3130, 3136, 3141,
       3143, 3144, 3147, 3153, 3155, 3157, 3160, 3163, 3168, 3174, 3183,
       3189, 3192, 3194, 3200, 3208, 3211, 3213, 3215, 3216, 3223, 3226,
       3234, 3238, 3244, 3247, 3254, 3256, 3259, 3266, 3268, 3273, 3277,
       3285, 3289, 3300, 3304, 3311, 3324, 3331, 3333, 3340, 3341, 3344,
       3350, 3354, 3356, 3374, 3382, 3386, 3388, 3394, 3397, 3399, 3402,
       3405, 3407, 3410, 3414, 3417, 3421, 3432, 3441, 3444, 3447, 3451,
       3454, 3456, 3464, 3466, 3470, 3473, 3476, 3479, 3486, 3490, 3492,
       3504, 3518, 3520, 3530, 3535, 3536, 3538, 3540, 3548, 3550, 3554,
       3556, 3559, 3563, 3570, 3573, 3581, 3584, 3587, 3591, 3596, 3604,
       3607, 3612, 3614, 3617, 3625, 3630, 3635, 3641, 3650, 3653, 3656,
       3661, 3664, 3674, 3680, 3683, 3688, 3698, 3700, 3702, 3703, 3705,
       3726, 3730, 3732, 3736, 3739, 3742, 3745, 3752, 3756, 3758, 3761,
       3769, 3772, 3780, 3781, 3783, 3792, 3793, 3795, 3796, 3804, 3813,
       3814, 3816, 3818, 3820, 3828, 3829, 3833, 3836, 3838, 3843, 3850,
       3854, 3857, 3860, 3868, 3877, 3882, 3892, 3894, 3896, 3898, 3902,
       3908, 3911, 3916, 3918, 3919, 3921, 3923, 3930, 3932, 3940, 3943,
       3952, 3953, 3958, 3961, 3963, 3966, 3976, 3977, 3980, 3981, 3983,
       3985, 3999, 4003, 4005, 4009, 4011, 4015, 4018, 4026, 4037, 4044,
       4055, 4060, 4062, 4063, 4067, 4069, 4070, 4075, 4080, 4083, 4097,
       4102, 4108, 4115, 4118, 4121, 4125, 4126, 4133, 4150, 4152, 4153,
       4162, 4168, 4170, 4172, 4187, 4188, 4195, 4197]), 4204]
[8        1.743893
16       1.817012
21       1.756689
25       1.838948
37       1.489804
          ...    
4172    15.530000
4187    19.660000
4188    19.100000
4195    22.860000
4197    22.410000
Name: low, Length: 866, dtype: float64, 29.08][array([  2,   9,  22,  29,  31,  38,  39,  42,  48,  52,  54,  72,  80,
        84,  86,  92,  95,  97, 100, 103, 105, 108, 112, 115, 119, 130,
       139, 142, 145, 149, 152, 154, 162, 164, 168, 171, 174, 177, 184,
       188, 190, 202, 216, 218, 228, 233, 234, 236, 238, 246, 248, 252,
       254, 257, 261, 268, 271, 279, 282, 285, 289, 294, 302, 305, 308,
       312, 315, 323, 328, 333, 339, 348, 351, 354, 359, 362, 372, 378,
       381, 386, 396, 398, 400, 401, 403, 424, 428, 430, 434, 437, 440,
       443, 450, 454, 456, 459, 467, 470, 478, 479, 481, 490, 491, 493,
       494, 502, 511, 512, 514, 516, 518, 526, 527, 531, 534, 536, 541,
       548, 552, 555, 558, 566, 575, 580, 590, 592, 594, 596, 600, 606,
       609, 614, 616, 617, 619, 621, 628, 630, 638, 641, 650, 651, 656,
       659, 661, 664, 674, 675, 678, 679, 681, 683, 697, 701, 703, 707,
       709, 713, 716, 724, 735, 742, 753, 758, 760, 761, 765, 767, 768,
       773, 778, 781, 795, 800, 806, 813, 816, 819, 823, 824, 831, 848,
       850, 851, 860, 866, 868, 870, 885, 886, 893, 895]), 902]
[date        code  
2017-01-05  600460     6.39
2017-01-16  600460     5.56
2017-02-09  600460     6.21
2017-02-20  600460     6.09
2017-02-22  600460     6.23
                      ...  
2020-11-23  600460    15.53
2020-12-14  600460    19.66
2020-12-15  600460    19.10
2020-12-24  600460    22.86
2020-12-28  600460    22.41
Name: low, Length: 192, dtype: float64, 29.08][array([  2,   9,  22,  29,  31,  38,  39,  42,  48,  52,  54,  72,  80,
        84,  86,  92,  95,  97, 100, 103, 105, 108, 112, 115, 119, 130,
       139, 142, 145, 149, 152, 154, 162, 164, 168, 171, 174, 177, 184,
       188, 190, 202, 216, 218, 228, 233, 234, 236, 238, 246, 248, 252,
       254, 257, 261, 268, 271, 279, 282, 285, 289, 294, 302, 305, 308,
       312, 315, 323, 328, 333, 339, 348, 351, 354, 359, 362, 372, 378,
       381, 386, 396, 398, 400, 401, 403, 424, 428, 430, 434, 437, 440,
       443, 450, 454, 456, 459, 467, 470, 478, 479, 481, 490, 491, 493,
       494, 502, 511, 512, 514, 516, 518, 526, 527, 531, 534, 536, 541,
       548, 552, 555, 558, 566, 575, 580, 590, 592, 594, 596, 600, 606,
       609, 614, 616, 617, 619, 621, 628, 630, 638, 641, 650, 651, 656,
       659, 661, 664, 674, 675, 678, 679, 681, 683, 697, 701, 703, 707,
       709, 713, 716, 724, 735, 742, 753, 758, 760, 761, 765, 767, 768,
       773, 778, 781, 795, 800, 806, 813, 816, 819, 823, 824, 831, 848,
       850, 851, 860, 866, 868, 870, 885, 886, 893, 895]), 902]
[date        code  
2017-01-05  600460     6.39
2017-01-16  600460     5.56
2017-02-09  600460     6.21
2017-02-20  600460     6.09
2017-02-22  600460     6.23
                      ...  
2020-11-23  600460    15.53
2020-12-14  600460    19.66
2020-12-15  600460    19.10
2020-12-24  600460    22.86
2020-12-28  600460    22.41
Name: low, Length: 192, dtype: float64, 29.08][array([  2,   9,  22,  29,  31,  38,  39,  42,  48,  52,  54,  72,  80,
        84,  86,  92,  95,  97, 100, 103, 105, 108, 112, 115, 119, 130,
       139, 142, 145, 149, 152, 154, 162, 164, 168, 171, 174, 177, 184,
       188, 190, 202, 216, 218, 228, 233, 234, 236, 238, 246, 248, 252,
       254, 257, 261, 268, 271, 279, 282, 285, 289, 294, 302, 305, 308,
       312, 315, 323, 328, 333, 339, 348, 351, 354, 359, 362, 372, 378,
       381, 386, 396, 398, 400, 401, 403, 424, 428, 430, 434, 437, 440,
       443, 450, 454, 456, 459, 467, 470, 478, 479, 481, 490, 491, 493,
       494, 502, 511, 512, 514, 516, 518, 526, 527, 531, 534, 536, 541,
       548, 552, 555, 558, 566, 575, 580, 590, 592, 594, 596, 600, 606,
       609, 614, 616, 617, 619, 621, 628, 630, 638, 641, 650, 651, 656,
       659, 661, 664, 674, 675, 678, 679, 681, 683, 697, 701, 703, 707,
       709, 713, 716, 724, 735, 742, 753, 758, 760, 761, 765, 767, 768,
       773, 778, 781, 795, 800, 806, 813, 816, 819, 823, 824, 831, 848,
       850, 851, 860, 866, 868, 870, 885, 886, 893, 895]), 902]
[date        code  
2017-01-05  600460     6.39
2017-01-16  600460     5.56
2017-02-09  600460     6.21
2017-02-20  600460     6.09
2017-02-22  600460     6.23
                      ...  
2020-11-23  600460    15.53
2020-12-14  600460    19.66
2020-12-15  600460    19.10
2020-12-24  600460    22.86
2020-12-28  600460    22.41
Name: low, Length: 192, dtype: float64, 29.08][array([  2,   9,  22,  29,  31,  38,  39,  42,  48,  52,  54,  72,  80,
        84,  86,  92,  95,  97, 100, 103, 105, 108, 112, 115, 119, 130,
       139, 142, 145, 149, 152, 154, 162, 164, 168, 171, 174, 177, 184,
       188, 190, 202, 216, 218, 228, 233, 234, 236, 238, 246, 248, 252,
       254, 257, 261, 268, 271, 279, 282, 285, 289, 294, 302, 305, 308,
       312, 315, 323, 328, 333, 339, 348, 351, 354, 359, 362, 372, 378,
       381, 386, 396, 398, 400, 401, 403, 424, 428, 430, 434, 437, 440,
       443, 450, 454, 456, 459, 467, 470, 478, 479, 481, 490, 491, 493,
       494, 502, 511, 512, 514, 516, 518, 526, 527, 531, 534, 536, 541,
       548, 552, 555, 558, 566, 575, 580, 590, 592, 594, 596, 600, 606,
       609, 614, 616, 617, 619, 621, 628, 630, 638, 641, 650, 651, 656,
       659, 661, 664, 674, 675, 678, 679, 681, 683, 697, 701, 703, 707,
       709, 713, 716, 724, 735, 742, 753, 758, 760, 761, 765, 767, 768,
       773, 778, 781, 795, 800, 806, 813, 816, 819, 823, 824, 831, 848,
       850, 851, 860, 866, 868, 870, 885, 886, 893, 895]), 902]
[date        code  
2017-01-05  600460     6.39
2017-01-16  600460     5.56
2017-02-09  600460     6.21
2017-02-20  600460     6.09
2017-02-22  600460     6.23
                      ...  
2020-11-23  600460    15.53
2020-12-14  600460    19.66
2020-12-15  600460    19.10
2020-12-24  600460    22.86
2020-12-28  600460    22.41
Name: low, Length: 192, dtype: float64, 29.08][array([  2,   9,  22,  29,  31,  38,  39,  42,  48,  52,  54,  72,  80,
        84,  86,  92,  95,  97, 100, 103, 105, 108, 112, 115, 119, 130,
       139, 142, 145, 149, 152, 154, 162, 164, 168, 171, 174, 177, 184,
       188, 190, 202, 216, 218, 228, 233, 234, 236, 238, 246, 248, 252,
       254, 257, 261, 268, 271, 279, 282, 285, 289, 294, 302, 305, 308,
       312, 315, 323, 328, 333, 339, 348, 351, 354, 359, 362, 372, 378,
       381, 386, 396, 398, 400, 401, 403, 424, 428, 430, 434, 437, 440,
       443, 450, 454, 456, 459, 467, 470, 478, 479, 481, 490, 491, 493,
       494, 502, 511, 512, 514, 516, 518, 526, 527, 531, 534, 536, 541,
       548, 552, 555, 558, 566, 575, 580, 590, 592, 594, 596, 600, 606,
       609, 614, 616, 617, 619, 621, 628, 630, 638, 641, 650, 651, 656,
       659, 661, 664, 674, 675, 678, 679, 681, 683, 697, 701, 703, 707,
       709, 713, 716, 724, 735, 742, 753, 758, 760, 761, 765, 767, 768,
       773, 778, 781, 795, 800, 806, 813, 816, 819, 823, 824, 831, 848,
       850, 851, 860, 866, 868, 870, 885, 886, 893, 895]), 902]
[date        code  
2017-01-05  600460     6.39
2017-01-16  600460     5.56
2017-02-09  600460     6.21
2017-02-20  600460     6.09
2017-02-22  600460     6.23
                      ...  
2020-11-23  600460    15.53
2020-12-14  600460    19.66
2020-12-15  600460    19.10
2020-12-24  600460    22.86
2020-12-28  600460    22.41
Name: low, Length: 192, dtype: float64, 29.08]