,0
0,0.06573857406666667
1,0.06532519233333334
2,0.064128561
3,0.0635411238
4,0.06353024533333333
5,0.06263821106666666
6,0.064454915
7,0.06655445906666667
8,0.06663060833333333
9,0.06616283426666666
10,0.06643479593333333
11,0.06322564826666666
12,0.0640959256
13,0.06521640766666667
14,0.062061652333333335
15,0.0640306548
16,0.06469424126666666
17,0.06385659933333333
18,0.06558627553333334
19,0.06515113686666667
20,0.06720716706666667
21,0.0707861826
22,0.07027489466666667
23,0.07080793953333332
24,0.070492464
25,0.068860694
26,0.07071003333333334
27,0.072450588
28,0.07288572666666666
29,0.07247234493333334
30,0.077672252
31,0.07674758233333333
32,0.07647562066666667
33,0.0761383882
34,0.0753225032
35,0.07614926666666667
36,0.07903206033333333
37,0.078977668
38,0.07942368513333334
39,0.07919523733333333
40,0.07862955706666666
41,0.07697603013333333
42,0.07560534333333332
43,0.07579027726666666
44,0.07547480173333333
45,0.07332086533333333
46,0.07344052846666667
47,0.074735066
48,0.07546392326666666
49,0.07289660513333333
50,0.07390830253333333
51,0.07889064026666666
52,0.07943456360000001
53,0.07885800486666666
54,0.07671494693333333
55,0.0775743458
56,0.0792713866
57,0.08017429933333334
58,0.07971740373333334
59,0.08052241026666666
60,0.08065295186666667
61,0.079304022
62,0.07954334826666667
63,0.07951071286666667
64,0.08008727160000001
65,0.08081612886666667
66,0.08172992006666667
67,0.0821433018
68,0.08307884993333332
69,0.08448217213333332
70,0.08448217213333332
71,0.08486291846666667
72,0.08345959626666667
73,0.08265458973333334
74,0.08634238993333333
75,0.0853742064
76,0.08345959626666667
77,0.08379682873333333
78,0.08474325533333332
79,0.0838403426
80,0.0847214984
81,0.08396000573333333
82,0.08001112233333332
83,0.0829591868
84,0.08202363866666666
85,0.08283952366666666
86,0.08187134013333333
87,0.07939104973333334
88,0.08170816313333333
89,0.08376419333333333
90,0.08318763459999999
91,0.08050065333333334
92,0.08362277326666666
93,0.0849825816
94,0.086810164
95,0.0877565906
96,0.08963856533333334
97,0.08856159713333334
98,0.088441934
99,0.09031303026666666
100,0.09035654413333333
101,0.089094642
102,0.091052766
103,0.09269541446666667
104,0.0968292318
105,0.09652463473333334
106,0.09495813553333333
107,0.0967965964
108,0.09941830686666667
109,0.10862148966666667
110,0.10790351086666665
111,0.10794702473333333
112,0.10480314786666667
113,0.1033889472
114,0.10977460713333334
115,0.11042731513333334
116,0.10684829959999999
117,0.1048575402
118,0.10715289666666666
119,0.1073051952
120,0.10911102066666667
121,0.108675882
122,0.1075662784
123,0.10595626533333333
124,0.10585835913333334
125,0.10218143739999999
126,0.10280151
127,0.10301907933333333
128,0.10606505
129,0.10856709733333332
130,0.10497720333333334
131,0.10437888766666667
132,0.10540146353333334
133,0.10281238846666667
134,0.10694620580000001
135,0.10423746760000001
136,0.10399814133333334
137,0.104270103
138,0.1019529896
139,0.10606505
140,0.10833864953333333
141,0.10824074333333333
142,0.11906481766666666
143,0.10911102066666667
144,0.10830601413333334
145,0.11006832573333333
146,0.11237456066666666
147,0.11554019446666668
148,0.11579039919999999
149,0.1179117002
150,0.10715289666666666
151,0.11037292280000001
152,0.10863236813333332
153,0.10431361686666667
154,0.1120373282
155,0.10442240153333333
156,0.10399814133333334
157,0.10450942926666666
158,0.1022467082
159,0.097253492
160,0.09703592266666666
161,0.09675308253333333
162,0.09583929133333334
163,0.092684536
164,0.09344602866666667
165,0.0958501698
166,0.09452299686666667
167,0.09545854499999999
168,0.09681835333333333
169,0.09698153033333334
170,0.09736227666666666
171,0.09507779866666667
172,0.09681835333333333
173,0.09573050666666667
174,0.09778653686666666
175,0.10060405973333333
176,0.0986568142
177,0.098395731
178,0.09643760700000001
179,0.09726437046666667
180,0.09756896753333333
181,0.1022140728
182,0.10490105406666667
183,0.10803405246666666
184,0.10862148966666667
185,0.10834952800000001
186,0.11016623193333333
187,0.11506154193333333
188,0.11647574259999999
189,0.1281265804
190,0.12726718153333333
191,0.12449317253333333
192,0.12292667333333335
193,0.12279613173333334
194,0.118140148
195,0.11704
196,0.115742
197,0.119196
198,0.12155
199,0.125136
200,0.12606
201,0.12452
202,0.12044999999999999
203,0.120054
204,0.12194599999999998
205,0.12071399999999999
206,0.12188
207,0.1276
208,0.125202
209,0.13006399999999999
210,0.130416
211,0.131978
212,0.13184600000000002
213,0.12423400000000001
214,0.124168
215,0.12223200000000001
216,0.120274
217,0.12056
218,0.120472
219,0.124256
220,0.12594999999999998
221,0.12847999999999998
222,0.12881
223,0.12925
224,0.1408
225,0.137456
226,0.140844
227,0.13926
228,0.139436
229,0.136576
230,0.137104
231,0.13793999999999998
232,0.141394
233,0.13662
234,0.138336
235,0.14249399999999998
236,0.144144
237,0.142714
238,0.140404
239,0.144562
240,0.14564
241,0.14223
242,0.145046
243,0.147004
244,0.14425400000000002
245,0.14465
246,0.145464
247,0.149446
248,0.14343999999999998
249,0.142318
250,0.141416
251,0.13782999999999998
252,0.13541
253,0.133518
254,0.135586
255,0.13673
256,0.140074
257,0.15114
258,0.15004
259,0.15048
260,0.154
261,0.153406
262,0.15136
263,0.152108
264,0.158356
265,0.15576
266,0.15686
267,0.158224
268,0.15972
269,0.159082
270,0.161832
271,0.159434
272,0.158466
273,0.159786
274,0.15914799999999998
275,0.155914
276,0.15752
277,0.155496
278,0.15312
279,0.153516
280,0.15501199999999998
281,0.153802
282,0.14949
283,0.150018
284,0.159126
285,0.16005
286,0.15972
287,0.15331799999999998
288,0.1485
289,0.157762
290,0.15140399999999998
291,0.151272
292,0.152086
293,0.15444
294,0.15279
295,0.153934
296,0.162052
297,0.16493400000000003
298,0.164692
299,0.165418
300,0.16423
301,0.163878
302,0.16390000000000002
303,0.165462
304,0.164846
305,0.160424
306,0.159698
307,0.15906
308,0.158048
309,0.158686
310,0.160248
311,0.16275599999999998
312,0.160996
313,0.159896
314,0.159302
315,0.162822
316,0.156772
317,0.158972
318,0.16313
319,0.16104
320,0.169136
321,0.16896
322,0.17402
323,0.17688
324,0.1793
325,0.18194
326,0.180092
327,0.181984
328,0.183524
329,0.182732
330,0.18057600000000001
331,0.183678
332,0.19954
333,0.21007800000000001
334,0.209924
335,0.218592
336,0.21406
337,0.207108
338,0.207966
339,0.202422
340,0.200266
341,0.208516
342,0.208648
343,0.21137599999999998
344,0.21219
345,0.22008799999999998
346,0.2288
347,0.22396000000000002
348,0.22745799999999997
349,0.22811800000000002
350,0.229438
351,0.24741200000000002
352,0.239646
353,0.238876
354,0.23298000000000002
355,0.22818400000000003
356,0.215204
357,0.219934
358,0.21540199999999998
359,0.20657999999999999
360,0.2013
361,0.191334
362,0.186692
363,0.19195
364,0.194128
365,0.198286
366,0.18873800000000002
367,0.193732
368,0.20231200000000002
369,0.19382
370,0.18634
371,0.17683600000000002
372,0.179454
373,0.178596
374,0.187
375,0.189816
376,0.19492
377,0.19371
378,0.191576
379,0.1848
380,0.186252
381,0.19227999999999998
382,0.206646
383,0.205898
384,0.19280799999999998
385,0.184844
386,0.177056
387,0.194766
388,0.186758
389,0.184976
390,0.18799
391,0.195778
392,0.194766
393,0.199166
394,0.20107999999999998
395,0.19799999999999998
396,0.20668999999999998
397,0.20900000000000002
398,0.211178
399,0.20871399999999998
400,0.2057
401,0.20768
402,0.204468
403,0.2079
404,0.19861600000000001
405,0.190234
406,0.18524000000000002
407,0.186384
408,0.190784
409,0.188936
410,0.18986
411,0.19799999999999998
412,0.20886666666666664
413,0.20933333333333332
414,0.20933333333333332
415,0.2043333333333333
416,0.2047
417,0.20883333333333332
418,0.2083
419,0.2084
420,0.20753333333333332
421,0.20333333333333334
422,0.2087
423,0.21023333333333333
424,0.216
425,0.20843333333333333
426,0.21236666666666668
427,0.2147666666666667
428,0.21993333333333334
429,0.22333333333333333
430,0.22719999999999999
431,0.22753333333333334
432,0.2249
433,0.2299
434,0.23186666666666667
435,0.23856666666666665
436,0.24
437,0.24873333333333336
438,0.25166666666666665
439,0.24816666666666667
440,0.23936666666666667
441,0.23313333333333333
442,0.23296666666666666
443,0.22003333333333336
444,0.21496666666666664
445,0.21910000000000002
446,0.21786666666666665
447,0.2245666666666667
448,0.22083333333333333
449,0.20576666666666665
450,0.2071
451,0.21416666666666667
452,0.21603333333333333
453,0.21336666666666668
454,0.20976666666666666
455,0.21733333333333335
456,0.2182666666666667
457,0.2132
458,0.21656666666666666
459,0.20586666666666667
460,0.205
461,0.2071
462,0.20863333333333334
463,0.20856666666666668
464,0.2138
465,0.20693333333333333
466,0.20886666666666664
467,0.20403333333333334
468,0.19236666666666666
469,0.18943333333333331
470,0.19166666666666668
471,0.1923
472,0.18683333333333332
473,0.18883333333333333
474,0.19073333333333334
475,0.18783333333333332
476,0.1936
477,0.2071
478,0.20863333333333334
479,0.20756666666666668
